              precision    recall  f1-score   support

           0       1.00      1.00      1.00         9
           1       0.95      0.95      0.95       286
           2       0.93      0.95      0.94       166
           3       0.92      0.98      0.95        47
           4       0.99      0.99      0.99        97
           5       1.00      0.99      1.00       146
           6       1.00      1.00      1.00         5
           7       1.00      1.00      1.00        96
           8       1.00      1.00      1.00         4
           9       0.96      0.93      0.95       194
          10       0.97      0.96      0.96       491
          11       0.94      0.97      0.95       119
          12       1.00      1.00      1.00        41
          13       0.99      0.98      0.98       253
          14       0.94      0.97      0.96        77
          15       1.00      1.00      1.00        19

    accuracy                           0.97      2050
   macro avg       0.97      0.98      0.98      2050
weighted avg       0.97      0.97      0.97      2050
